1397484060
1399563702
1390081257
1392888925
1399421230
1397706011
1394678770
1398864446
1390900239
1391204876
1394556309
1396100353
1394166882
1397599420
1398662318
1397532641
1392342658
1394944771
1395090203
1396902964
1390262987
1399967401
1396568385
1398769809
1392390653
1395448378
1396434874
1398339510
1394774000
1391406494
1390376578
1391648978
1390213770
1391641820
1395452522
1391178848
1394777031
1395256012
1396365868
1398197001
1399023423
1395866466
1394774000
1394939310
1397401825
1397565603
1391188175
1392280011
1390897061
1391626043
1396458209
1392103167
1392796985
1392254239
1395643380
1398936379
