1397502241
1396100353
1391319753
1397429413
1391599025
1392115103
1393931626
1390622802
1392390653
1397312761
1393952284
1398694815
1393204603
1395256012
1395593869
1396768188
1392601178
1391964636
1391358623
1391677561
1395716250
1397919255
1397739098
1395348004
1390476539
1397854633
1397859896
1392162789
1391715280
1390618953
1390321702
1398157753
1392723869
1398119052
1394264904
1391320427
1390207254
1396968594
1399971842
1391406494
1390883985
1393589483
1390660356
1396568385
1390247001
1394045714
1399967401
1396313326
1396123477
1395432025
1395918482
1390242930
1390213770
1395132017
1397853603
1396755036
1390891301
1399301349
1397290860
1398829546
1395234855
1395287491
1391316517
1395866466
1394708416
1391529250
1399120723
1392192430
1394888101
1398429329
1394548633
1390223070
1397028869
1395857756
1399572440
1393374597
1399699493
1394014661
1396761467
1393902796
1391656683
1396454482
1393454100
1390723309
1396200767
1391720279
1392412721
1390581939
1395922807
1396006615
1398553609
1393488765
1391766873
1390110012
1392298006
1393552815
1391002406
1390998285
1395452522
1390263474
1398977234
1394418105
1396148796
1396226719
1395712642
1390723715
1395638981
1398421257
1390872617
1394706289
1399765613
1398929742
1395712499
1397475188
1393486825
1391662105
1395457050
1398977570
1399293045
1399023423
1398150975
1396866894
1399563702
1391034962
1390427213
1396764579
1391326210
1399787425
1390280856
1393132390
1399523805
1399671751
1398502568
1398110393
1392103167
1398197001
1392485060
1398084292
1397035107
1392784152
1394687397
1391611776
1390378073
1395037588
1397149106
1392603328
1397106024
1392881473
1396716438
1396677932
1394027989
1391232697
1395911680
1392143459
1398709781
1395726127
1398998893
1393306226
1390717175
1391100471
1390302397
1394828565
1391481279
1391574432
1393432621
1390509205
1393240913
1393175044
1392472523
1395199200
1394278304
1397150989
1396902964
1397569370
1398488931
1391626043
1391173597
1391084353
1394724525
1394939310
1396032138
1394428993
1393527546
1390251945
1390376578
1390262987
1390434171
1398864446
1390029976
1391947427
1391430966
1390978353
1392592366
1390126366
1399785111
1393338002
1390301953
1393748206
1396463133
1390172890
1390878651
1398693755
1390636390
1395400985
1397403877
1391328346
1390644327
1395924352
1395358521
1399023799
1397718027
1392583287
1393990045
1397339171
1390850391
1394018643
1394616009
1397672450
1390299327
1392828804
1397309821
1398210090
1396980093
1394013068
1399749393
1394218238
1390263883
1393913648
1391980155
1397761858
1398104991
1391528184
1390438676
1395984557
1398668331
1390980216
1394265455
1391880831
1394792180
1391456494
1391806000
1398310451
1395282522
1390817468
1394046566
1391260749
1397133491
1396086400
1390985705
1390963397
1394893128
1396990275
1393548239
1397798175
1398492579
1397197273
1396382877
1399471467
1397955655
1396191774
1396118075
1391230266
1398001014
1394142163
1390394337
1398620239
1393110795
1399085326
1392687522
1396171852
1396591763
1399837943
1393904345
1399330075
1396855652
1395408582
1394637483
1398339510
1392517260
1399025711
1396579289
1398038515
1392360909
1395960483
1395533612
1393899724
1394570533
1393917879
1395752868
1392129540
1395574009
1390541115
1397702958
1394707408
1390575936
1395516067
1396777041
1399132345
1393666122
1398981356
1395301398
1391648978
1390790997
1395374708
1392869974
1399310706
1399046575
1398774775
1391284669
1397062257
1394965821
1390672164
1399042821
1395299427
1394988105
1399563266
1399523274
1392207794
1391910349
1391713706
1391384367
1395944495
1390538130
1399826686
1399153254
1393099359
1395711194
1391268632
1391100662
1397722580
1393673030
1396060006
1393339372
1394643036
1396791303
1397257829
1391660959
1399921090
1396858612
1393488503
1399258730
1391944806
1391149480
1395615201
1395563160
1398227319
1390775697
1397670806
1397902263
1395627522
1398006493
1398900051
1397359381
1394679043
1391731331
1392014400
1394936648
1394678770
1399162222
1394606522
1391472019
1394825229
1398840329
1399297666
1398606172
1397246763
1391598277
1394627580
1398091512
1398589689
1390242975
1396174538
1395628647
1390081257
1393121416
1396226117
1394335116
1396434874
1393776618
1395698867
1398654137
1398038989
1390777645
1399243929
1393279431
1397761610
1392778324
1390009604
1391290118
1392843851
1392742804
1398200014
1397010020
1394356644
1390381628
1398036637
1392540322
1396215748
1398441013
1394208064
1395608092
1390897061
1391767507
1391311294
1394148404
1390211892
1391684760
1391769735
1398865431
1393805585
1395038890
1392083797
1399814010
1397677866
1390900239
1398708741
1391242036
1399426547
1398081649
1395156898
1391641820
1395925238
1391797050
1396501164
1393045117
1391898974
1397837195
1398454521
1391864523
1398227564
1391675731
1393284559
1392454995
1397855050
1391035347
1394347244
1396558199
1394574448
1395315520
1394205002
1390842025
1399319875
1393224418
1399799271
1398183397
1399364574
1398200237
1396016481
1396525180
1398662318
1393512911
1399051692
1396590446
1391826049
1398281917
1390708718
1393960925
1396919957
1390631613
1393385626
1397626349
1391412482
1391204876
1394221237
1399204771
1397416379
1395946260
1393872143
1396472530
1391278895
1399412568
1398756333
1399384598
1396969170
1390231399
1397647716
1393573475
1395005828
1396648734
1393843533
1394175153
1399099637
1396899145
1395381869
1391734177
1390818674
1393882034
1394880805
1394095850
1392261799
1397838022
1391060153
1394203770
1392000643
1393864678
1394491435
1398698872
1397357130
1392690286
1397706011
1398745511
1390745441
1397062445
1399447922
1398265538
1392801017
1399685780
1394721247
1398170276
1391741244
1399013287
1398058135
1393998255
1393729329
1397114127
1399653603
1397456254
1391847067
1391179932
1391317059
1394871354
1391369733
1390719884
1392254239
1396227894
1391955776
1390675759
1395479859
1391917525
1396777080
1390920470
1399368523
1390233014
1394740217
1390344251
1398975007
1392336105
1398702486
1392781504
1392045910
1396048558
1392644015
1394944771
1397591594
1398345388
1394288220
1390230672
1397195919
1394486397
1391647738
1398321033
1391568990
1390775772
1392821779
1394160824
1392010352
1394633543
1398936379
1397293975
1393648940
1393654073
1391689972
1397381872
1392181403
1394957994
1396132279
1397652674
1393732166
1395048247
1392229309
1398990264
1395448378
1390441260
1391579694
1398914865
1399151178
1395028387
1397095564
1398268258
1397743471
1390672345
1396877681
1394658368
1394875981
1394909993
1399054787
1396404614
1390443662
1393930826
1398547708
1393769040
1394777031
1399928383
1397599420
1390434049
1396995053
1393351499
1390393210
1396644610
1392295181
1394776794
1392581928
1396731686
1396468977
1397078623
1392540505
1395338702
1392161616
1393705577
1391880905
1396458209
1398473069
1399118916
1393981605
1390587306
1397364958
1397046425
1397565603
1394982697
1398406846
1394556309
1395343418
1396574526
1393965768
1399788859
1390927114
1392342658
1396223565
1390702881
1394187714
1391909724
1397634262
1392302105
1398727932
1396618560
1396412301
1395104120
1398802380
1398888932
1396368074
1390984105
1392807918
1396863561
1390928711
1390274454
1391164588
1394686644
1397802997
1398052044
1390876521
1395438778
1390074635
1399980779
1399044555
1391644449
1396525296
1390983139
1396352988
1392977907
1394917882
1397016969
1392049673
1395755398
1395713263
1398416708
1395061630
1399544809
1397401825
1395958635
1394551517
1399554954
1399830701
1398984405
1391113469
1399963281
1399098759
1394575740
1393382233
1390985833
1397982513
1397214348
1398899336
1394897348
1392822161
1391452959
1397320633
1393595631
1392108019
1399826311
1390375441
1390082231
1394759431
1392280011
1394166882
1390631041
1398412665
1399341742
1390714373
1393190383
1391919628
1395950984
1392310444
1398441009
1391879353
1399024941
1395298965
1397937031
1399725125
1395029326
1398340369
1391710355
1395024110
1390127266
1398267295
1397582486
1392301248
1396169017
1398803659
1398118274
1395165845
1395672770
1398155535
1394463690
1397116286
1398120214
1390242763
1397976666
1390530022
1396152555
1391162548
1399456031
1394774000
1396145974
1394765988
1399615163
1392559688
1393000305
1397106137
1398769809
1390493078
1399130297
1392727986
1391777979
1392165319
1398226845
1397880797
1391389237
1397786112
1398776761
1399731857
1392111842
1393619847
1398370562
1395195608
1394908537
1397300896
1399421230
1397613248
1397779551
1393173416
1392329007
1391107595
1393529591
1391178848
1398266510
1397532641
1393703365
1397585377
1399361001
1390481417
1391362614
1391536620
1392102451
1395965558
1397636577
1398379529
1396235664
1396673487
1392888925
1396297804
1395643380
1390150002
1393731209
1390401409
1393873424
1399374526
1396365868
1393494887
1398408606
1390090099
1394618671
1394384081
1390630385
1393731858
1394404941
1395309977
1394946073
1396696414
1393734929
1397931635
1397718550
1396831050
1393351792
1390895697
1394484457
1391684394
1396695505
1395886818
1390061474
1392492499
1398336057
1398462714
1392736664
1398579814
1399271948
1399364147
1391864243
1395054254
1397823019
1399503629
1398203206
1390609772
1396418666
1398503884
1390012798
1397654421
1395511955
1395130626
1394751150
1394597408
1390738797
1392653865
1398707525
1398891310
1391663872
1399640465
1394453505
1395036799
1399173176
1397741775
1395883098
1399879541
1392241163
1392837973
1395553218
1399709432
1394483694
1397273898
1398205580
1391373744
1393310153
1394804519
1396238693
1399664398
1394524193
1391085804
1396491744
1398924052
1391541286
1394522869
1393875148
1396291544
1392030752
1390787438
1392717005
1398105967
1399349061
1397127136
1391043166
1398773690
1392717013
1392729883
1398659508
1399851667
1398597625
1391025238
1399566167
1394860312
1393955355
1396098956
1394348039
1390456241
1396157708
1394738738
1394586582
1396476763
1390344920
1390034184
1393882245
1390134764
1394202873
1397643177
1390513257
1391601001
1397151687
1396078027
1399991872
1394096179
1397500542
1390239221
1390293274
1390370901
1393695863
1392796985
1399472484
1398437177
1399890076
1393536465
1398922798
1395289883
1397116515
1390141072
1393369883
1390186240
1398005995
1398544647
1397394603
1393041960
1393268890
1394644919
1392209692
1390284245
1399901113
1395175900
1397610399
1399512730
1394169832
1398942563
1398423077
1394164355
1397081218
1397191760
1397484060
1391786576
1391206846
1397056533
1399504954
1397942209
1393911023
1392664514
1397355226
1391480839
1395873447
1394982454
1393735070
1396977971
1395505192
1396481098
1394428700
1392246142
1391188175
1394316795
1393351808
1393460245
1392055735
1394317540
1398194335
1391752494
1391082077
1396940102
1390012288
1395808915
1392232563
1391348939
1399821491
1396869141
1396094786
1396102802
1390853810
1397799347
1391897567
1392399007
1398764948
1395413996
1396592058
1390434538
1398637704
1393451582
1397599923
1396878624
1390815694
1396256010
1395090203
1395295061
1395460558
1399972213
1399286366
1396433794
1398798940
1397871982
1393868612
1396501540
1395289336
1396497352
1397095451
1394270845
1390234465
1396624078
1391701747
1397419986
1390858061
1391518936
1397026182
1393162177
1394305018
1395194852
1396714428
1391735141
1396227824
1395732129
1397389817
1399504231
1392060668
1398956108
1398783629
1396405051
1399353686
1398092634
1390360240
1397795460
1393813723
1395671523
1396708847
1398683364
1390618250
1392980966
1395805983
1391707864
1394623121
1390974658
1396537046
1390893345
1399721011
1393773639
1394409097
1397613644
1391728076
1398098691
1396962252
1391425841
1393333574
1393567592
1396733311
1390189449
1397715636
1396529569
1396972791
1390231348
1394374167
1392081148
1399166326
1398531346
1399141270
1394302017
1399447101
1392475675
1391979892
1390882073
1398143367
1391591085
1390529227
1395125856
1396062717
1394255240
1394893409
1398411546
1395007494
1395991097
1398835285
1393539655
1393769088
1395992318
1394953328
1397658222
1399531368
1390724468
1394850864
1390473020
1390819377
1396261087
1396513060
1390935981
1390208293
1391166713
1391052360
1390427399
1394329731
1396390312
1398590988
1393407216
1398598857
1392160638
1391632630
1390226684
1397524365
1397055276
1396359805
1397870966
1395339389
1397401672
1392104032
1394047580
1393254212
1397517605
1395806203
1398518342
1399257619
1396684160
1396909761
1394913252
1395684562
1392353810
1398548713
1392755191
1395554526
1398695401
1392997512
1393794827
1393967703
1394890697
1396175895
1397718980
1391119412
1390878940
1398122832
1395804529
1395014073
1392560352
1398387842
1395086367
1392244564
1397088700
1396718046
1392029201
1397382513
1397154379
1391389739
1396228642
1392976761
1395991859
1393839101
1394787198
1398963939
1391268674
1399592440
1398670373
1397797920
1392777710
1397484147
1396149082
1395779803
1393843344
1392251408
1392272228
1393667685
1394059276
1396968078
1391951921
1397074520
1399301304
1399673882
1395894227
1399980971
1393839424
1391614572
1390255631
1396326685
1396313674
1394788713
1392606289
1395941268
1394122945
1398688757
1394303675
1390708713
1392458453
1398992589
1399111748
1390621293
1392074178
1397589900
1396323632
1392353259
1390430609
1392712541
1395668716
1391369598
1394982056
1397530983
1391829670
1398357485
1393378287
1390162904
1391553747
1391123667
1391891393
1394953133
1396498829
1394862253
1396587519
1397764296
1396604759
1398653817
1398750700
1391067289
1397482303
1391372882
1397825033
1396020573
1395869418
1395390331
1394905762
1396659866
1398019483
1390022385
1399355908
1397790187
1391277991
1393645943
1395890581
1399509725
1393283763
1390796218
1390317894
1393803696
1393164996
1398538940
1398752296
1396150878
1399623766
1395592832
1394911183
1394287949
1399780280
1397634854
1393879972
1393774345
1390052394
1396000850
1393985678
1393037089
1393621360
1395140344
1396667536
1396345711
1397221750
1398300270
1396278012
1397211949
1394923100
1398827912
1394701913
1393103543
1399014327
1398414099
1399631767
1392625381
1396992902
1393297630
1395269144
1397056834
1398751434
1399475515
1399720105
1390301525
1397402082
1399727484
1399204726
1399041124
1392834123
1398242412
1397627400
1398277122
1396648837
1391179546
1399345045
1395648237
1392733985
1396673309
1391727641
1391874448
1391891060
1391550371
1391853561
1390247797
1399477613
1393236397
1395121603
1397132355
1397652307
1393245050
1394782763
1399116769
1397130402
1395262768
1398202053
1398855229
1393927292
1390147780
1395984448
1394610296
1392363893
1396592538
1396469967
1398530600
1395377289
1393037015
1399308180
1398654963
1395097366
1390164100
1395625002
1397778500
1397640318
1397607418
1394114705
1391547687
1399226565
1390117484
1394258453
1390953560
1398985435
1399608385
1393251941
1399079856
1396658538
1398463387
1390121540
1395561568
1398696629
1395000618
1399811874
1394891705
1396159770
1398623121
1394946044
1399738531
1395693325
1399634755
1397648452
1396440098
1393283788
1393937405
1398390922
1390399047
1392495352
1392303873
1399054382
1396121805
1395747753
1399937123
1391352003
1390412273
1394337052
1392311782
1398785133
1397295990
1391138924
1395923108
1393776522
1395502341
1393758618
1396009170
1395651118
1392840976
1398036925
1393032297
1393290878
1394081671
1393227768
1395550857
1391417307
1393015351
1397226408
1394282922
1393802427
1391889327
1394506048
1392976116
1394486596
1390334256
1390586214
1397576145
1390915221
1394349883
1395993961
1396305757
1395408217
1398241505
1391441134
1392069940
1394740131
1391304741
1390643318
1396762323
1397265953
1396893187
1396921738
1390952638
1394639804
1393107776
1394335891
1395274382
1391579908
1396556457
1398308430
1392645064
1395299305
1393801622
1396626746
1395740329
1396048649
1397904422
1399094643
1394278189
1398731963
1394151281
1393914486
1394102606
1396282272
1393933598
1399236986
1397369750
1392933965
1396034701
1395806152
1396828944
1397500246
1392841424
1393495426
1397832064
1392986813
1395218483
1390453516
1391801335
1391383415
1397931483
1398221573
1393508950
1399452463
1390536051
1390194868
1396350584
1393856106
1391021086
1391022260
1394753694
1394946678
1394772208
1391717162
1394904342
1392418124
1396540121
1392453672
1396655141
1390021890
1397234152
1394307642
1396119100
1392629427
1390004698
1396424851
1394436132
1395825512
1398431526
1398318833
1393578209
1398423793
1395611897
1397798899
1397018540
1391743119
1396202963
1391236602
1392099872
1393938149
1397923989
1394738144
1391660157
1392341865
1397163267
1391061593
1391201705
1393974192
1395113582
1393914566
1397676901
1393521093
1399651479
1393702380
1390133558
1391866842
1394043752
1390144763
1397982762
1392827256
1395224174
1398066757
1394467787
1398021201
1392324642
1393056996
1395890745
1391762048
1396662603
1399200005
1395913593
1395465375
1396153413
1394553800
1398400938
1391433148
1396426274
1395263225
1399700233
1390463010
1396343793
1391557602
1397934669
1394979818
1391197605
1393593498
1394769039
1399674328
1396871960
1390744095
1390514118
1391731507
1395307850
1394125702
1393318326
1397226582
1396751383
1395719374
1392147199
1399758024
1395407923
1399084285
1392401415
1397740975
1397369231
1390717159
1396568747
1399412424
1392994075
1398847621
1399740724
1396787818
1393707234
1391942750
1391369061
1397786797
1394122564
1398090145
1399410703
1398555124
1395626729
1398554974
1395804119
1399184496
1392043493
1395557049
1390012626
1395498134
1393358130
1393095335
1394505274
1398245032
1391499369
1398525966
1394198046
1399173299
1395427328
1397984893
1396671306
1392646140
1398611219
1391965014
1398083383
1398257636
1395913615
1391512818
1398992398
1398268528
1398015382
1398558122
1394698242
1394789758
1391902849
1396893655
1395139801
1397151777
1395601643
1393763712
1390113042
1398094804
1392703648
1396851529
1398812751
1392929635
1399974802
1392542251
1395825586
1399127203
1393905127
1392473136
1393080647
1398663347
1398981194
1399635651
1397059087
1390618537
1397899690
1395763250
1395354811
1392771216
1396968921
1394340285
1396775154
1398071580
1395040098
1399009754
1390328092
1397535546
1392978516
1396063080
1390560132
1394546408
1396203113
1392179975
1390446984
1392119599
1392071079
1393335106
1393845902
1394866991
1398088034
1391518721
1397642695
1394542267
1392393971
1393768642
1394893287
1393824436
1390372783
1391433546
1398223131
1398928467
1399713307
1390616046
1397349038
1398691496
1395900051
1394489103
1394108241
1394498948
1391279046
1398316966
1396135470
1392701316
1397361830
1391623614
1397752271
1394033255
1399904371
1391412783
1391638322
1397753100
1395746096
1398258582
1394848886
1393033801
1396761192
1393738745
1390352672
1391200310
1399241137
1396243514
1397018158
1393138132
1391830060
1391860209
1393854178
1390062973
1394110733
1396107814
1398289358
1396333309
1396345038
1394156885
1393394804
1395868299
1390345770
1390389145
1398239129
1395407514
1390171647
1397786479
1394507961
1399725332
1390070627
1397103149
1395097697
1398635452
1390559242
1395832906
1395892319
1396399054
1398109414
1399087206
1399165179
1392913331
1397894441
1396065031
1395879976
1397075166
1399732950
1390003050
1392647821
1397625091
1397847522
1397895854
1399373746
1398627064
1391235810
1393521279
1394027402
1390951035
1397164472
1392374374
1393381702
1398884104
1394667597
1396805468
1398812303
1399697117
1394059000
1397942237
1398249710
1396563465
1397377565
1393224969
1398536503
1396074379
1392481596
1395776835
1395800198
1391599604
1397815857
1392808737
1395643635
1393795759
1397110139
1399936523
1398594745
1398091787
1392058932
1392033628
1394083098
1392468578
1392668348
1395833811
1398620913
1392493464
1396628245
1396903208
1398366429
1397827706
1396119509
1397775094
1398736628
1399302305
1391257242
1393150971
1392429481
1391611782
1395255904
1390029260
1398770828
1394619988
1399993054
1397845886
1390376210
1395771508
1399286727
1394547478
1392496203
1397629749
1394486959
1390625429
1399226875
1394474684
1393910505
1391658322
1396985641
1392415665
1398870172
1399254512
1399074150
1394321062
1396256989
1392591810
1396425401
1398263484
1398787640
1397911144
1395623310
1399556566
1398719073
1391046152
1390643900
1394336196
1398359748
1394173220
1397293791
1393844648
1394952384
1390901347
1399873599
1392456042
1390566055
1390748671
1396302639
1397169894
1390720977
1396218729
1399597392
1391665077
1396858240
1396049427
1393484165
1391288696
1399748022
1398798175
1395299546
1392748459
1391209070
1395144299
1394957150
1395449467
1395787010
1397574786
1390978879
1392353758
1395312428
1390120474
1394097308
1393869103
1398632849
1393296393
1396986179
1398396227
1397917824
1393722258
1391720882
1397741764
1392814214
1396707408
1396377290
1396425702
1399324884
1395943458
1396152488
1390688654
1396767456
1390957206
1390951115
1390715429
1397146642
1395282078
1394772796
1392583434
1396906989
1396072860
1397558028
1390400253
1399912570
1391639393
1394462261
1390925217
1399848509
1390047789
1397560077
1392706997
1397682347
1397155142
1395549485
1398896644
1390126833
1399362214
1392826228
1392775158
1391944354
1393914763
1390401269
1397926598
1391864676
1395929808
1394440117
1398113587
1395373565
1395339237
1398272554
1394899656
1390767063
1391498768
1394756276
1390580016
1393067470
1396933125
1399336404
1395174206
1399201701
1398567983
1392881479
1394283150
1390331956
1398631687
1395964318
1395848297
1397528722
1395786771
1398089490
1394314100
1397841900
1399491399
1390578027
1395585147
1392482069
1391963372
1394822805
1392972793
1390448941
1397994680
1395311852
1393480565
1393091881
1395821019
1396018394
1397874935
1396387105
1396269500
1398057087
1399797022
1390621583
1397172298
1398645204
1397373312
1396877603
1396763103
1398794531
1393092925
1394907564
1393536890
1393440553
1396428170
1391899774
1395734839
1397890745
1392484757
1392194405
1392447708
1390536368
1393218695
1397055503
1391863000
1393420872
1391619984
1396111153
1398867264
1397101163
1390690161
1394432374
1390391780
1395722964
1396093867
1393850351
1396849617
1394377893
1391750726
1391279320
1394931252
1394352801
1392363049
1392952843
1393129452
1394924127
1391710090
1392880564
1391511194
1391024599
1399856414
1394421948
1391416635
1396054674
1394204088
1395189342
1396415303
1397983530
1391891419
1390986553
1393673424
1394749548
1391353321
1397516623
1397416258
1391925673
1397889833
1390637392
1396616368
1395636908
1396546742
1396784921
1396515970
1391541648
1392242373
1397129883
1390401739
1390980772
1390563075
1391273195
1399436688
1391203667
1390972994
1399548400
1395558064
1391457631
1399438767
1392534752
1399083512
1399130576
1390166884
1395668394
1393857544
1395321531
1391243108
1397809229
1391586524
1393037041
1393089061
1399915213
1395236632
1392271616
1391442540
1392746582
1394643722
1398489382
1394214787
1399484339
1391734110
1395091877
1398176503
1398974098
1399668292
1393170792
1398349598
1391562962
1391847607
1397092967
1391657440
1392927767
1396222811
1397563626
1397114028
1397240108
1395073304
1396455999
1394924155
1399807181
1392577912
1392162394
1391380848
1399733305
1395759475
1395423333
1390839568
1399932907
1399653901
1395968055
1393357111
1393336072
1399799279
1395370760
1398134706
1395326544
1396218472
1393203963
1397513213
1395855645
1398747311
1396582364
1397008354
1398692062
1391320207
1398537269
1393889507
1393010417
1394110948
1398851962
1393239405
1397847768
1399121940
1394328190
1395056568
1392240789
1399883087
1391280985
1398299984
1390559214
1392821530
1396323719
1396280709
1396300427
1398841454
1395362821
1393421091
1395290088
1394465380
1394519832
1392602986
1393399917
1391840653
1390212039
1398121906
1390749768
1395552308
1391201550
1397491443
1396345691
1393898568
1392974977
1396752463
1392656218
1393694482
1390473090
1392067080
1399226961
1395017408
1393673933
1395214118
1395798034
1397467696
1393819519
1398308144
1390472914
1391767678
1392575489
1393714605
1398523941
1396701001
1394321647
1393356560
1395843915
1391449039
1394770284
1393912227
1395017681
1394842765
1395914403
1394346346
1397838076
1397551658
1393621003
1393232154
1391477572
1390570727
1390846701
1399354562
1399551975
1391707963
1398670336
1398652309
1392275512
1399725286
1395094664
1394926785
1397808541
1399823875
1393912195
1395123118
1399772081
1390012913
1394497858
1395149932
1394227831
1393186339
1397380505
1398142694
1397411647
1391220570
1390794379
1397522577
1391410631
1398361570
1390707026
1399009857
1391311906
1391430943
1399637241
1398828917
1394986232
1394951915
1391036160
1391576734
1398259412
1392765481
1399005130
1394125347
1391289398
1392527537
1397817976
1396482066
1393255539
1394759747
1390449240
1396783723
1390597490
1398672867
1393140847
1394074266
1395475944
1391187221
1399989629
1394610419
1390263788
1398561293
1392421560
1397675857
1390243828
1393876816
1393962517
1393875280
1394485443
1394421444
1390076029
1392307773
1399538233
1399643059
1392085151
1391123944
1396114326
1392917352
1391750634
1397881710
1399231928
1398187580
1394863471
1398164854
1393410820
1392018930
1390891634
1392722057
1394752600
1391610073
1395125669
1396570830
1394750837
1393781004
1397333416
1399041088
1394801676
1394314039
1393669636
1392136441
1393997813
1393700804
1399159596
1393297551
1392030440
1390276615
1394262533
1397256459
1396057863
1393858274
1397172945
1399466805
1390005163
1397929223
1396890714
1392185371
1396337249
1391372868
1396338628
1397005556
1395027982
1394666211
1398628714
1398231810
1397796817
1398248081
1395236857
1394954456
1393869004
1391775568
1398294178
1397569764
1399617316
1398270345
1394069419
1392217793
1399514195
1395942277
1393691761
1392495538
1391883649
1393953326
1399426018
1399163947
1395474031
1393250212
1398548493
1391484979
1393528714
1392623385
1395925254
1390968251
1393865517
1390450090
1393804179
1397420323
1398611014
1399536269
1394112872
1394892826
1399522958
1394495549
1392788295
1393265450
1392254855
1398778797
1397063075
1395926016
1398942217
1399594032
1395142558
1395869562
1396868441
1398564365
1392511125
1391745547
1392500915
1392977092
1394204924
1392819160
1399676400
1396644669
1393737170
1390750607
1393317706
1391086839
1399015280
1398344449
1397655585
1399501062
1393727369
1399044090
1393293953
1394401338
1398276029
1398615115
1398334156
1398677089
1390700739
1398198463
1397470937
1390304062
1390310660
1394472609
1391940238
1393424841
1394846720
1396912729
1394080718
1391232850
1390402869
1397527764
1392265210
1390006860
1391690112
1398664231
1399996523
1395037438
1393344167
1394513224
1397704559
1394449575
1396674122
1398860759
1399528967
1397793365
1399583246
1391155362
1390035240
1390571275
1393795108
1393696257
1399679320
1395631250
1393319679
1394949263
1391069527
1393967989
1399482624
1398462570
1398196627
1399974127
1395088876
1392813693
1395175945
1396883891
1397736349
1394939561
1399943745
1396785692
1393945189
1398240531
1395142097
1394806883
1397484139
1394459360
1397018922
1391073951
1398251909
1393300808
1396733460
1392625274
1396331262
1398179743
1396854698
1392595934
1399778303
1397417070
1395117641
1393181812
1396042998
1395517886
1395074944
1391680075
1398701532
1393426534
1394802498
1398908665
1396758572
1395555684
1397105177
1390637174
1392281355
1396182406
1391177364
1390567575
1393475598
1390879798
1397737669
1395870607
1393563348
1393888061
1399955912
1396493366
1396848679
1392066702
1392380259
1395135584
1391180295
1395745493
1393250865
1393644423
1393810218
1398633594
1390723755
1398829094
1392813350
1397080096
1398422643
1397081161
1391648175
1395051622
1390581078
1392299332
1391685300
1395295874
1392090131
1391929119
1395938367
1395377836
1393277250
1390934160
1392309768
1390599418
1395159978
1390744456
1392164123
1393840922
1392160178
1392827371
1395956635
1395879957
1394711324
1394130792
1398774856
1390909361
1391366163
1392755861
1394317580
1397840956
1391769427
1396345772
1399958360
1399243456
1399504009
1394578365
1393823204
1399766461
1397356606
1393124432
1396778008
1391958823
1394881930
1393757811
1399597095
1395300917
1393384858
1399281785
1396568511
1399016628
1397793087
1397809248
1390417686
1393864674
1395065493
1399609688
1398336079
1391835868
1391791355
1399766326
1392927318
1396109356
1390166036
1397082423
1391245927
1392892130
1390720405
1392331651
1399278054
1399526229
1397355697
1399176786
1396494185
1391327105
1396973230
1396101310
1397697974
1395527359
1395813962
1390349059
1397440692
1394038791
1393905554
1397922446
1398380523
1393433125
1393501263
1395621622
1397364244
1397507842
1397171174
1396723760
1395726796
1395636893
1397682782
1394283929
1395786267
1397972676
1392968272
1391718146
1399968340
1391036554
1391512650
1394114012
1399730597
1398844547
1392908489
1392615433
1399027180
1393525002
1393197137
1395819928
1396867663
1396388846
1391158677
1397049453
1392643777
1397883373
1397464599
1396986769
1397351464
1397656917
1399326944
1394307491
1396242142
1398736099
1399329679
1399177332
1393647236
1398830205
1399496295
1395862872
1394399608
1395135505
1394156293
1398553713
1397970019
1390887817
1399110288
1394931732
1397152195
1399788781
1396885574
1399405365
1391815347
1395499916
1392623751
1393315790
1394614938
1395319524
1392432934
1390954915
1394131653
1393485420
1390755047
1399236020
1391446288
1399030742
1396994635
1394374103
1398216919
1399727902
1398614539
1393708824
1390113637
1397739217
1398326620
1399117247
1393555355
1390417475
1394177882
1393139212
1393198299
1398996498
1395923933
1397447453
1398614904
1394048421
1391900966
1398584517
1395700257
1390231780
1397866206
1393775844
1395463957
1390276524
1394632470
1390705928
1398023184
1391985755
1394258128
1391192843
1397509272
1397114020
1397653386
1394922176
1399172699
1398342276
1394798175
1399571473
1396380814
1395828997
1393959666
1391019355
1394997982
1394891951
1392154003
1395528581
1392237292
1395967831
1396379424
1394701253
1398847249
1393088798
1390750885
1395175147
1398868898
1390569094
1393836957
1397321264
1397330532
1395985349
1398998682
1390014430
1392362646
1398220937
1396171182
1390135447
1390363730
1394281362
1395658116
1395948250
1392171510
1391433310
1392774441
1395116854
1394715305
1398121775
1395530559
1397112041
1396537839
1390617035
1393132518
1396665801
1399030331
1390127582
1397594126
1399131062
1392788114
1398890082
1395874154
1395242251
1396304459
1396695404
1399280418
1391816279
1393422926
1399819839
1391628742
1394289269
1396127379
1393654715
1397915928
1390733626
1390524330
1393662246
1397211919
1397839919
1393240476
1390628772
1393433562
1393074043
1392758271
1399319475
1398442852
1395702423
1393075639
1399232860
1395967326
1398300084
1398046554
1398190685
1393935453
1394180151
1397813372
1397728435
1391531365
1399831940
1390764990
1396968181
1399300011
1394178206
1398667263
1398043080
1393994087
1399739291
1390572033
1395144089
1391359310
1390697379
1394679677
1392608655
1392875666
1391594700
1396735619
1394019052
1393057438
1398099657
1390700950
1391169487
1398774612
1396166572
1394060270
1393800315
1394280456
1399149933
1394814218
1397784775
1396536177
1391564052
1392696995
1395740025
1394804233
1391806471
1394527932
1396171811
1394717350
1391082284
1397328958
1392762538
1392896832
1396101299
1394043429
1394126791
1391944548
1391546852
1392099843
1396919999
1393416208
1397901344
1390613302
1390397010
1393798618
1392916076
1399617580
1397244279
1397383187
1393479008
1399585505
1397854579
1391419328
1397182265
1391725180
1396032736
1399409848
1398230060
1397090980
1399562895
1390494218
1390995231
1392312922
1391896327
1399335014
1398762657
1393951468
1392598445
1393483288
1391359852
1392220606
1396506436
1397278096
1396380972
1392954575
1398217823
1390636457
1399671265
1393584457
1397323886
1393694258
1390312480
1390392208
1397077940
1393000022
1395652147
1390641496
1392625012
1397614120
1390551287
1390176855
1394972080
1390544226
1391110459
1397406273
1396213743
1392604899
1393760560
1393834108
1391411277
1394412292
1397458913
1394955973
1391670164
1397950521
1390855231
1395423604
1392946509
1393463852
1393822557
1393754853
1391423646
1398509474
1393336532
1395040830
1392822420
1399181362
1397158666
1395090825
1396909748
1398326134
1390310629
1399827038
1393637315
1396214517
1391514859
1393656628
1392951174
1399986243
1398244838
1398093572
1390633509
1395772232
1392499100
1395340817
1394939744
1394470524
1395483625
1395712609
1399449793
1398277525
1393221771
1398978143
1393690023
1396105514
1391706786
1397865697
1392202682
1392556850
1395364297
1395930267
1392505552
1395238410
1393378031
1393037567
1390619183
1391507808
1396549409
1395057526
1395548982
1396807351
1393944769
1399148429
1396339606
1399492696
1398058804
1395268770
1391323710
1399377205
1391383627
1391366077
1391281401
1394488788
1390731087
1395603122
1390785110
1390402142
1390805348
1392960456
1398833705
1391112843
1391620389
1395686255
1399296631
1392102990
1398938130
1391812452
1399488579
1392592220
1390823551
1399324745
1396791234
1390422372
1394391104
1397172003
1394864757
1396241322
1390662704
1391618543
1390422881
1391266458
1396424532
1391970033
1398533418
1398443189
1399909526
1397411655
1396299898
1395845832
1399327750
1397298828
1399300328
1396516268
1399586340
1393461262
1395776486
1395567398
1392559636
1396773221
1391980527
1390881682
1398017667
1391574480
1390304950
1395873224
1390428957
1394978630
1390209590
